%YAML:1.0
R: !!opencv-matrix
   rows: 3
   cols: 3
   dt: d
   data: [ 9.9990119731715499e-01, 1.3442481082080343e-02,
       -4.1103900152866498e-03, -1.3456711223693971e-02,
       9.9990348819717489e-01, -3.4541589662616876e-03,
       4.0635608475775012e-03, 3.5091300175413018e-03,
       9.9998558663600645e-01 ]
T: !!opencv-matrix
   rows: 3
   cols: 1
   dt: d
   data: [ 1.3504270545584981e+02, -4.3886894384907027e-01,
       -4.7504813633413727e+00 ]
R1: !!opencv-matrix
   rows: 3
   cols: 3
   dt: d
   data: [ 9.9917867682391859e-01, 1.0063221234836675e-02,
       -3.9251794338374536e-02, -1.0136313117239528e-02,
       9.9994724247527667e-01, -1.6635571765160355e-03,
       3.9232982766960189e-02, 2.0600593362795029e-03,
       9.9922796659157742e-01 ]
R2: !!opencv-matrix
   rows: 3
   cols: 3
   dt: d
   data: [ 9.9937657013461134e-01, -3.2478269623075697e-03,
       -3.5155692085395859e-02, 3.3132981365352645e-03,
       9.9999288339360415e-01, 1.8042221603405981e-03,
       3.5149582094794345e-02, -1.9195786434371728e-03,
       9.9938021898394258e-01 ]
P1: !!opencv-matrix
   rows: 3
   cols: 4
   dt: d
   data: [ 5.5262448165664728e+02, 0., 3.1292873001098633e+02, 0., 0.,
       5.5262448165664728e+02, 2.8236806678771973e+02, 0., 0., 0., 1.,
       0. ]
P2: !!opencv-matrix
   rows: 3
   cols: 4
   dt: d
   data: [ 5.5262448165664728e+02, 0., 3.1292873001098633e+02,
       7.4674459392217133e+04, 0., 5.5262448165664728e+02,
       2.8236806678771973e+02, 0., 0., 0., 1., 0. ]
Q: !!opencv-matrix
   rows: 4
   cols: 4
   dt: d
   data: [ 1., 0., 0., -3.1292873001098633e+02, 0., 1., 0.,
       -2.8236806678771973e+02, 0., 0., 0., 5.5262448165664728e+02, 0.,
       0., -7.4004483749130958e-03, 0. ]
