%YAML:1.0
M1: !!opencv-matrix
   rows: 3
   cols: 3
   dt: d
   data: [ 6.0744726087896674e+02, 0., 2.9293331260020500e+02, 0.,
       6.0744726087896674e+02, 2.7440870890002242e+02, 0., 0., 1. ]
D1: !!opencv-matrix
   rows: 1
   cols: 8
   dt: d
   data: [ 4.6193547163735992e-02, -4.0859642151675507e-01, 0., 0., 0.,
       0., 0., -2.5546493236128909e-01 ]
M2: !!opencv-matrix
   rows: 3
   cols: 3
   dt: d
   data: [ 6.0744726087896674e+02, 0., 2.8192791689552683e+02, 0.,
       6.0744726087896674e+02, 2.8364407347598910e+02, 0., 0., 1. ]
D2: !!opencv-matrix
   rows: 1
   cols: 8
   dt: d
   data: [ 2.0800750175540020e-02, -1.7896604747582151e-01, 0., 0., 0.,
       0., 0., -1.0371272707703551e-01 ]
imageSize: [ 640, 480 ]
