%YAML:1.0
R: !!opencv-matrix
   rows: 3
   cols: 3
   dt: d
   data: [ 9.9955458571832068e-01, -6.4991636862983485e-03,
       2.9127152982314948e-02, 6.7394788270818996e-03,
       9.9994399542970458e-01, -8.1599895354261612e-03,
       -2.9072488620959035e-02, 8.3526567903661961e-03,
       9.9954240706931818e-01 ]
T: !!opencv-matrix
   rows: 3
   cols: 1
   dt: d
   data: [ -1.1527787932744577e+02, -5.4056712601825752e-01,
       6.5912235464773108e+00 ]
R1: !!opencv-matrix
   rows: 3
   cols: 3
   dt: d
   data: [ 9.9960487356776040e-01, -2.2839964325682902e-03,
       -2.8015711661096482e-02, 2.1700574552853021e-03,
       9.9998925390466242e-01, -4.0966969423457253e-03,
       2.8024767442789662e-02, 4.0342825251436579e-03,
       9.9959908812197540e-01 ]
R2: !!opencv-matrix
   rows: 3
   cols: 3
   dt: d
   data: [ 9.9835846142825013e-01, 4.6815552765100210e-03,
       -5.7082970620056572e-02, -4.4493280835246826e-03,
       9.9998130399665031e-01, 4.1946557384582557e-03,
       5.7101540909352176e-02, -3.9337891849975173e-03,
       9.9836062589047725e-01 ]
P1: !!opencv-matrix
   rows: 3
   cols: 4
   dt: d
   data: [ 3.3156423366203325e+02, 0., 3.7278294754028320e+02, 0., 0.,
       3.3156423366203325e+02, 2.4055075836181641e+02, 0., 0., 0., 1.,
       0. ]
P2: !!opencv-matrix
   rows: 3
   cols: 4
   dt: d
   data: [ 3.3156423366203325e+02, 0., 3.7278294754028320e+02,
       -3.8284867804604495e+04, 0., 3.3156423366203325e+02,
       2.4055075836181641e+02, 0., 0., 0., 1., 0. ]
Q: !!opencv-matrix
   rows: 4
   cols: 4
   dt: d
   data: [ 1., 0., 0., -3.7278294754028320e+02, 0., 1., 0.,
       -2.4055075836181641e+02, 0., 0., 0., 3.3156423366203325e+02, 0.,
       0., 8.6604513134078565e-03, 0. ]
