%YAML:1.0
M1: !!opencv-matrix
   rows: 3
   cols: 3
   dt: d
   data: [ 4.0038791603616568e+02, 0., 3.3642480179909484e+02, 0.,
       4.0038791603616568e+02, 2.5030984572812972e+02, 0., 0., 1. ]
D1: !!opencv-matrix
   rows: 1
   cols: 8
   dt: d
   data: [ 2.1767874717020314e-02, 7.7407095510207335e-03, 0., 0., 0.,
       0., 0., 3.9089943251374021e-02 ]
M2: !!opencv-matrix
   rows: 3
   cols: 3
   dt: d
   data: [ 4.0038791603616568e+02, 0., 3.3839266296489927e+02, 0.,
       4.0038791603616568e+02, 2.3283482390880340e+02, 0., 0., 1. ]
D2: !!opencv-matrix
   rows: 1
   cols: 8
   dt: d
   data: [ 3.2442319370944418e-02, 6.1260875808708946e-02, 0., 0., 0.,
       0., 0., 1.1582965919805885e-01 ]
imageSize: [ 640, 480 ]
